7169
10062
11597
12782
14198
15245
16599
18091
19240
20197
21515
21784
22791
23150
23792
23861
24679
25729
25161
26543
26892
27776
28579
28373
28662
30402
30170
31937
31248
31457
32319
33253
33746
34381
33783
36015
34850
36239
37317
36726
37560
38463
38649
38888
39084
38156
39302
39347
39599
39577
40366
41613
40702
41908
41640
43075
43331
42388
43091
43925
43365
44490
45415
45334
44464
45612
45087
46827
46740
45522
46397
47663
48388
46887
48601
48656
47388
49615
47572
47755
49931
47929
48683
48606
50838
49960
50036
51425
51418
51222
50241
52458
50792
51621
51263
51276
52650
53741
52703
53054
52697
53445
52827
54107
54047
53629
53767
54622
56370
55525
54550
55185
55372
56248
54590
55113
54940
55087
55874
56070
56132
56388
57103
56807
56814
59147
58118
57641
57211
57397
57042
56868
