768
3020
1676
1580
2592
1760
3212
2508
1760
3008
6444
3244
3692
2652
4948
6412
11808
2316
2048
1504
676
1852
2204
2140
5148
1760
1348
1272
1688
5528
1308
992
2132
3152
4048
2656
1400
2356
3136
1524
1436
1660
1688
292
5456
1036
3148
3328
3872
3708
2376
2800
5268
1036
3004
2100
2936
1472
708
2932
6276
1156
5336
5532
2556
2016
4752
3348
1312
2948
880
2656
2872
2832
3348
2192
4688
3544
3304
1420
1880
2312
2484
3692
2200
632
2396
2616
3164
1420
3184
3592
1720
5748
1032
3492
2420
3240
1532
2096
6616
872
1140
1196
1872
3060
1300
2052
1716
1496
3304
5704
1596
6192
2316
3136
2996
2776
1280
3600
7044
2372
6236
2748
2608
3508
2084
2832
1840
5156
1168
5272
1464
4684
3140
1144
1592
1244
5384
2524
4780
920
1608
2288
2336
2452
1688
1484
3088
488
1456
5024
2348
1728
3116
4700
3012
3912
3224
2184
3224
2464
4936
5396
2200
1484
2756
1776
2776
3060
2424
3168
3236
6832
2068
2460
1236
5624
2688
2408
4632
2464
1744
5540
2364
5484
8596
2748
2064
5292
3240
3412
2896
668
2204
5072
3032
2580
1544
3988
1024
1404
1108
4376
4828
3896
1996
2800
1632
3492
4736
2992
6360
4620
2656
668
3276
2312
2744
5592
1196
3536
6080
1360
3500
3864
1740
7380
5056
5224
748
2628
1276
5472
3200
1648
2452
1704
1340
2436
3096
2176
3820
1556
1412
3204
2976
1948
5504
5220
2536
660
4076
3268
1056
3860
2468
1372
3080
2392
6352
1308
6400
872
2528
2644
2664
1556
3496
5968
1648
2912
3144
2604
7216
2784
1804
7116
3416
1508
3564
3336
3312
1704
5184
3284
2916
3208
6360
2780
5332
2764
4192
3416
1736
5360
3300
6432
1632
3208
1844
3400
3184
4568
3244
3168
2700
3552
4632
7204
888
1524
604
6880
1268
6308
5292
2908
5336
3640
1624
2448
5144
5500
5956
1388
2732
4616
2840
3728
3444
2772
3372
2508
1772
9440
3224
3140
3208
5580
2020
3036
5328
2612
1340
2764
4672
3400
3588
3040
2532
3124
5712
2556
1760
2924
8736
1788
4196
3200
2820
2964
1788
1480
1112
1608
4064
3224
5384
3168
2108
756
5224
3492
6920
6120
3360
3176
1536
4464
5376
3928
3036
2768
1988
6992
5248
3076
5236
5844
1440
3380
1220
5080
5320
3680
1636
2456
3132
2208
3584
2932
6400
3180
3544
3384
1328
3136
1448
3340
3212
3272
3180
2180
4832
1332
2608
5640
3844
3640
2632
2976
3072
2632
3828
5600
3156
2600
6416
5248
1348
5680
5392
2988
5640
2564
2876
1280
5556
4132
5784
7592
5528
3068
5424
5396
2692
4532
2396
2448
5296
3188
5784
5360
1324
3392
2460
5084
1292
6568
7664
2888
6048
4708
5360
3464
6416
4988
2060
2856
4744
2416
6504
2196
3848
3332
3348
4844
3396
2712
3168
6268
3160
2960
3256
2436
5744
3136
1764
3428
5448
2440
2564
3360
2952
3976
6524
2600
3176
6716
1684
1652
3176
2816
5968
3964
3128
1684
6536
6660
3556
4292
3940
5868
2476
2652
6652
2300
2600
4868
3496
3852
7092
4724
6248
5948
1632
6768
4012
1788
4036
3276
5668
1452
6720
5520
6416
6020
2032
1620
2880
2456
7388
1556
3184
6536
3388
2616
5740
2764
3384
2236
3432
3404
3416
3448
5508
1456
3328
7096
4052
3156
6040
5168
2976
3132
5704
1724
648
3248
3800
7076
4940
3456
3136
3640
6688
1748
3456
1812
3952
2172
6540
7716
4308
2444
5452
3120
4516
5072
1620
3476
2816
5696
2996
708
5348
3304
3076
3268
5812
5620
5656
3952
4036
6164
5632
1716
3208
3780
6036
3736
5508
3312
6208
1048
6332
7152
4804
2652
3864
7328
4184
1776
3200
1188
2832
2268
6624
3640
7340
5240
4116
7124
4648
3340
5384
3180
7084
2188
11452
3612
3396
1952
3116
1776
7004
2768
7504
3728
7368
5624
3264
3480
3660
2644
1940
5336
5400
4896
5344
3284
3280
3152
7212
7212
7272
5480
7744
7676
4084
3740
3644
3052
6072
5144
6032
3452
3040
5332
10852
3684
5488
7112
4956
840
3288
1948
5680
2940
1832
3336
6472
7252
4544
2484
1948
5212
6076
7728
6240
5108
11616
6464
6024
5856
5332
8688
3456
6932
5772
3692
1692
3992
1344
5120
1448
3892
3480
8060
6764
7228
3832
9748
6464
3512
3320
6716
6772
4168
6288
3380
7784
2440
5740
6224
3504
5760
3872
6164
3852
2380
3728
8076
4116
4096
3024
12644
4072
5492
7172
5128
5608
3632
10212
6368
5196
956
4044
2992
6356
3308
7136
5732
3780
7456
2168
7172
6348
2692
3896
5824
3476
6628
5536
4212
3156
1860
6780
2628
8768
3576
7372
3232
2412
5640
12240
3376
6168
7792
2464
2852
1436
6216
4628
4872
2652
7796
7332
3424
4656
5452
5520
6548
3224
6428
1600
3560
7568
6888
3256
4192
2852
3192
6108
5820
3656
1460
3132
7936
6188
1784
7012
7564
7340
7144
1636
8144
11492
3412
3468
7076
7204
704
5780
7284
7888
3684
3960
5852
8308
3940
4004
6800
5816
2612
7364
3516
4092
1656
5964
2440
5056
6848
5760
1704
6628
3808
2496
7008
5452
5088
6224
2944
7788
1384
4228
1740
5116
2528
5664
5464
5116
5108
3680
7244
3284
6820
6524
5300
2340
3416
7080
8360
1260
6316
4468
6404
6176
5620
5396
7852
2448
3824
5696
6940
6548
4584
3184
5608
5392
5552
9684
5256
3196
12372
13044
5728
3704
11072
8792
1380
6244
3680
6136
3204
3772
3520
6248
7100
3864
5800
1928
3200
9180
7176
3528
5404
4028
2928
7740
3976
5328
6040
4204
6216
7188
5576
3164
5800
5968
4168
8272
5040
3312
4936
5440
6744
1840
3136
7328
4164
4140
7580
6936
5488
5616
5372
5320
5564
1580
5752
5416
7600
10900
6168
7152
6136
6092
6760
5752
3096
8872
6312
6396
6504
1964
3584
12236
8052
2672
1332
7144
1000
5660
5340
8672
3408
5512
4832
4876
7352
3128
3916
2600
5692
3528
4944
5444
5608
4052
4040
3616
2904
2736
4104
6480
6540
3660
5260
5704
9320
7708
4112
3752
5152
6740
3560
10232
6236
5576
6180
6476
7164
8912
6920
3064
3448
5472
6236
3700
2956
1376
1320
1816
7244
4660
3252
2644
5600
3036
3368
2924
5612
5564
4084
6676
2672
3772
3920
6240
4240
3968
7612
7336
8708
8860
3824
5696
6228
3136
3136
7832
6156
3212
4332
5664
4320
7112
14452
8212
7284
8204
7376
3196
8100
7772
3860
7896
4960
7868
8344
2832
6628
6404
636
8552
5396
4176
7392
7760
7412
6468
7516
3524
3496
3436
4204
7896
4388
3808
3400
1532
9772
5596
5340
3216
6504
7548
3756
4224
3416
6932
1468
5628
1392
3336
3700
1916
6484
7952
6160
7068
6720
5724
4232
3004
5160
7092
4904
4316
3952
3264
7160
5064
5096
4084
10648
2420
7460
7360
6448
7184
4860
7000
6344
6468
4160
6664
5208
3480
4196
3612
3084
1512
2932
3308
7644
5456
8904
3928
6988
7264
8052
2820
5396
3604
5676
8076
3288
8008
3204
6248
1692
5376
14944
7644
3864
3888
3260
4540
3160
3204
6288
8040
7804
8124
3880
6176
5868
2688
5824
5596
3024
16068
12868
9028
4344
5724
2476
10512
2872
6192
3652
7976
5416
4736
6072
3832
6012
3968
7804
3272
4732
6300
7484
5612
7372
7208
7104
8044
12820
7396
3124
5376
8388
3512
4116
10528
3180
3776
3728
6524
7356
7172
8496
5028
8360
7728
4348
2692
1552
2304
11176
3404
8288
1676
10732
7204
10588
5960
6388
4216
8112
3832
5736
4788
3340
5644
3216
8856
6844
2948
7068
7056
5632
8372
7544
9432
10552
2768
7452
7284
3292
964
7692
4112
7416
8544
7088
1540
5440
6508
3368
4652
5492
3456
5308
8900
5492
8492
3752
6608
9016
6532
7696
6568
4680
4880
5004
3404
3696
2464
13244
5956
5752
4152
5884
9228
6264
5332
3764
5088
3392
8164
3776
11312
6844
4304
5668
7964
2960
5060
1936
3772
7132
7500
7196
1020
10724
8884
4036
6968
6772
4868
3132
3468
7008
3312
3656
7488
13512
6588
5648
13440
7032
3136
5260
5888
5228
3748
3184
11644
3168
7056
3164
7860
5892
4416
8476
14440
5320
1668
6472
4224
5848
5860
5396
7240
3556
7120
6768
12492
5388
11592
11536
8244
5672
6724
8016
5536
8392
5800
6136
8712
3664
3492
8184
7184
7304
6408
13104
6504
12060
8224
5884
6816
7048
9036
4020
6552
5860
4128
2748
4088
8072
16780
8084
9092
4648
1112
1860
9092
12052
8192
9096
3616
6932
4096
5788
6908
8480
4084
4264
7716
5988
3748
5412
8312
3908
7620
7284
7676
8140
3476
2212
6672
12128
8164
2844
4184
8292
14784
2320
5852
7124
9096
12444
2304
6132
5824
10696
13328
12480
3948
8524
6152
14568
6228
4204
8604
7284
5152
2900
3544
6020
3392
2192
6888
7304
9348
1864
5692
7684
7224
4652
5048
4236
7420
7112
5720
3156
8932
2860
5904
4248
8284
5864
6964
6392
7624
10484
4632
7176
7644
4124
9416
6372
12512
7016
4216
4624
3968
5156
4600
3356
2552
3664
13188
5152
3008
3256
4368
3796
6316
7508
1328
9844
8772
12272
7000
6368
13892
3476
5084
5648
6552
6780
3572
5012
6224
5976
5320
7412
5900
7684
6052
7368
6000
7716
7428
9348
8692
6240
6116
3288
6180
16360
13880
2744
6252
6312
12956
10560
5708
5504
2832
9624
7180
6016
8332
3368
6728
11028
6800
5896
5716
6944
7272
7456
3092
6980
8692
6332
7076
14572
6436
8828
8944
3236
6548
8620
15436
4264
9256
7264
6480
8012
8452
1680
5836
1640
7328
6380
2500
3040
7648
5492
4712
4256
9304
6928
8784
11456
5268
6248
6368
2376
5740
7104
8372
3888
7472
9404
6228
3204
8464
3780
8120
9652
3952
13460
9104
5768
9064
19732
5724
9884
8144
6168
6628
3256
14348
2236
3612
8960
9200
6132
5208
13796
12252
3892
3296
7828
12344
4072
5744
6512
6164
8768
6420
1448
13284
8832
6312
3492
8948
12088
8696
5860
7812
7924
3092
8416
5336
7324
9000
3192
2980
9836
4020
7036
7496
3952
10632
11036
11156
3564
6396
8604
6028
7456
12444
12524
11312
4360
7472
3992
13072
7900
4088
8904
8492
8580
12088
9196
3212
4876
8564
12804
7412
12664
7272
7684
4864
4920
5856
3184
6440
7000
3212
10948
3336
7756
3780
5428
12300
10692
6224
4936
7468
8248
5312
3784
8552
7312
7636
12376
11724
8060
6016
8464
6220
3776
5168
2912
2904
7244
15772
7784
13992
5488
7392
4184
3212
14292
7464
6548
6400
3976
4536
8456
8156
3736
2788
3492
2856
10868
8012
14780
3816
9020
4268
9516
3808
4328
9024
12540
7076
10932
7216
7600
12312
6712
7164
6348
12492
6596
2136
2752
11160
1884
4204
6988
7128
11964
6612
5552
9212
5688
5356
9236
4060
3620
9828
7640
3828
9208
6272
13104
5568
8848
8040
5388
10800
6328
12472
10256
3528
5196
5060
9980
3356
10616
3352
7368
9288
7232
9024
8692
6392
12568
14248
3476
7436
6860
6008
7276
8724
10680
3500
12268
7480
7708
7520
1528
8188
6924
6240
8196
6040
6988
6304
3536
7868
8392
6236
3632
13284
5540
9412
7276
5768
6508
11176
6412
2868
6040
9344
8328
11116
5336
9196
9164
11728
3080
3256
12232
7840
12488
3784
5380
8444
4308
4132
4048
14568
7324
3588
8788
5128
8584
4884
3936
7656
5184
10508
2764
7176
3488
2384
12040
7524
4092
3188
12004
4244
11368
5184
3512
14368
4204
7152
8532
8224
8784
7140
5704
7804
7452
4204
6000
8048
4440
2176
9744
9300
6056
9736
6368
7776
3252
7244
8456
2696
3964
8200
7632
7276
9056
4252
7468
9764
7380
10816
7648
7988
9600
9596
1456
5820
3900
4656
7488
12584
2684
14532
7840
5024
12708
8200
8744
6360
12056
3764
11152
10600
3152
4224
7972
12904
6572
14336
7500
5456
4512
7784
8312
10588
4624
5856
19352
7256
10480
5564
1416
7752
10312
9380
5576
8628
12308
8352
4476
6228
8220
7956
7264
1384
5640
5788
11508
7492
9800
6820
8008
8976
6356
9988
1748
9272
7272
6600
3744
12500
7220
11992
7264
7468
12224
5372
5664
8016
7744
6572
13808
8732
13904
8232
7972
2408
3976
6468
3364
5448
9384
5548
8824
8208
6376
7456
6496
7588
4376
12824
6928
9172
14436
7552
9324
9972
7336
13480
5860
8396
7624
5616
9812
13516
6424
14164
7008
8460
4560
13328
6652
7652
13988
18408
6596
3188
8780
3864
8844
2308
7468
4160
8716
1736
10724
6892
6512
9596
16060
3660
8612
3868
9504
4232
2060
7340
12388
8240
1988
13828
12500
13776
8692
8568
5328
5456
12276
1612
11232
6476
8144
3968
15860
8424
6736
8076
6216
15512
8800
5752
4208
5600
7440
8720
6516
8876
4376
6232
8128
8208
13828
1696
7308
17256
12076
11032
2816
1852
12156
6872
12652
8448
7472
3076
8920
7428
13352
7748
8272
9056
8464
8244
3660
7460
7380
9344
3716
7812
8580
7056
9688
7656
7256
1504
2716
8260
12116
3428
6024
8760
15596
7196
13200
9564
7236
11716
8444
9284
11060
11604
12176
8940
13976
9524
8112
11072
7664
4068
2568
6432
7188
3828
7964
6412
3532
9100
7472
8512
7880
15080
7808
8108
13488
3984
6184
9404
15468
7452
8060
7192
6444
17100
5480
15392
11348
3872
4176
9380
8728
14376
2588
9324
11316
12584
11456
13192
2528
11912
9396
7308
5696
15056
3684
3868
7472
4532
9180
6784
3704
1396
5484
5748
3644
7488
6060
6396
8528
6204
6368
11360
8172
4108
5328
10456
4012
8176
5596
4248
7504
7748
8664
8652
8460
4592
6388
7884
5720
16480
7172
11532
5776
13192
10128
7620
8168
9232
8144
8228
14024
10420
11508
13512
8968
9200
7440
7088
7108
4204
5164
6116
7052
16712
5880
7932
6724
13972
9972
7408
7464
5288
6948
13480
8172
7340
9696
9552
9580
4052
8052
6356
9124
6776
9904
6976
3928
2960
9256
7544
9204
10992
12224
5812
9144
9576
8188
8872
6344
7168
5468
9036
4172
7360
11664
9484
8860
7104
8476
5976
7340
7656
8040
1744
10680
1408
3512
15704
10696
8852
3648
12780
6012
8928
13584
4844
7704
14800
3164
9436
6852
7008
6464
3968
6764
8992
8536
2324
9652
15368
8836
12072
15840
13188
6992
11396
6004
8564
8756
7888
13336
7288
6652
7312
7712
10800
7516
11396
11060
9972
8168
4080
15728
11992
8452
2956
7756
1696
12276
16672
6624
4216
5056
8276
7400
8108
17004
8196
7792
9688
11480
7408
9680
7468
7256
8364
12036
2412
4176
15740
1668
8772
7104
13388
7828
8152
8932
13316
10172
10280
4988
11744
10756
7820
8188
15176
5664
3464
16176
12632
8836
3448
7348
12216
2712
11644
3332
4112
3764
12820
6872
6908
12652
10916
8256
7788
10804
8204
15656
14056
2812
6324
8256
4012
8108
9552
9916
4212
9972
5556
8200
13668
3796
10980
11556
9176
4872
16296
9728
3952
8924
5344
14736
13820
16432
5148
9140
7596
12752
2512
9876
17148
8196
9868
7876
4236
7572
8852
16388
11204
16040
8980
12636
10520
8652
8976
13168
3768
3472
9676
3428
5652
6684
2352
13148
14132
14088
8916
15512
7804
8620
3488
12108
8312
4036
4280
7376
8036
4772
7480
7656
4772
10820
8156
6612
3724
8084
5684
8512
8828
4564
11376
7500
9120
10080
4900
9780
6492
7900
17628
3240
7176
3796
5376
8800
13372
8964
8708
5648
7200
6428
17672
7232
8208
5076
9192
7008
12540
11476
8672
9820
9184
7600
8136
12184
13388
7672
10064
10860
7996
7140
16744
8800
7596
9076
14268
9888
6644
9712
11988
3024
4796
8864
10444
8196
14020
6520
10880
6804
17148
11756
12076
4128
6480
8272
3180
16980
8872
6140
8692
8752
3248
9568
16440
3560
11824
4504
14084
7928
14284
7924
7056
7064
12268
8040
10392
9164
4936
9248
9480
4320
3456
8220
10752
7200
4012
10852
4080
10596
17096
5740
13688
8316
6740
8356
7784
12332
5840
11984
4048
10472
6776
9140
8104
5732
15788
8396
6476
4036
14264
11540
6308
12440
8188
7972
8656
4216
3840
12232
7756
6436
13200
6056
9804
4640
8484
6592
8848
7632
6404
7800
4432
15500
9052
16268
8016
12016
9808
8648
9876
4964
7328
6892
8836
15828
7572
9068
24032
8272
9948
6996
7568
15716
9680
12204
4520
8500
8536
6856
7764
10132
7472
7672
7604
7420
7056
8916
15796
4280
16104
12484
9528
8280
7336
13264
8076
7424
13984
5404
11484
7464
8180
8376
8248
14600
14116
7072
7376
13816
6180
9676
7972
12116
7776
12812
13824
14276
8204
8484
8512
11444
8492
8520
12048
12100
8668
7668
15404
4072
7272
8176
14004
6640
8948
7208
13832
9564
12792
4384
9072
14628
3900
13732
1516
11984
4396
11168
7420
4520
4392
9528
12316
8132
6552
11688
7844
8540
6508
9784
12860
7908
14972
2464
3076
6868
7516
3204
16996
7364
3444
13368
9960
10212
9020
9896
8216
5608
10712
7844
9744
8504
14616
12360
9476
9856
4208
3524
6440
13320
6492
8640
7676
17320
9560
15204
17240
6432
9392
7904
13500
8912
9464
1432
9236
13308
9036
18024
15548
4212
8048
8408
3664
12464
11176
8612
7200
7244
6608
12460
11876
1860
6456
9772
8512
9008
16320
3616
13212
9200
8068
9364
13316
9860
4264
5932
14016
13108
4452
7932
12168
7424
9836
3728
7896
10420
17428
8232
6040
7096
9048
12400
12880
7844
6468
8324
3132
9556
12688
11840
12184
9092
8896
13544
9128
11060
13092
11368
12072
11964
16800
7472
6576
8776
10508
14220
8152
9856
12940
6024
6392
14592
9152
10584
14040
9520
8252
15472
11392
8148
8176
17876
3596
1280
3448
12720
7080
7480
13244
15176
6256
15020
8356
7608
14396
6604
16860
16892
8172
7904
8836
8708
19192
8784
16152
7540
3876
9168
12096
7852
8020
16072
13764
9184
13680
6084
4224
6396
15364
13832
9184
8552
4160
8056
13920
5332
7912
4556
14316
3588
3028
11208
14096
4232
4256
5032
2560
9924
11000
13536
9980
12072
8216
4432
15204
7508
7040
14308
9188
13652
6936
9588
7212
13392
4968
12540
9236
8212
12144
8000
8968
9492
8160
3360
6736
12468
8236
11440
8656
6668
4740
8632
9272
9000
4084
5584
10764
7388
3480
13232
2684
3604
11332
8808
14764
13272
7548
7380
14912
3984
7636
23528
8688
8032
6748
2176
8528
13248
17940
5456
9064
15504
8872
6584
14904
11052
8784
10808
4148
5424
7632
7188
3280
6648
7284
15220
8380
9520
9916
12440
16980
24832
3504
9208
10388
16628
7896
3252
24812
9216
12136
3416
5428
6944
7752
8320
8736
11712
18480
9340
13172
17124
9784
4592
8808
3832
8544
10428
6516
8104
3356
7872
8496
13472
8196
7340
2812
11560
1636
14616
8200
17808
9228
5708
10696
7844
8656
21872
5004
14556
12516
8224
10192
6520
12072
3160
9020
2784
11956
7992
6416
8476
3196
3708
9584
5832
12516
12824
10564
11176
17136
12824
7076
16304
6444
16620
11024
17360
7852
17104
12320
9548
16460
6068
17872
13440
12268
3656
3196
12508
7532
8048
11548
6368
8764
12900
8356
11788
16704
5524
5796
9116
2592
9996
4136
8248
8892
6780
13048
14884
15688
12412
4784
8020
13276
14844
4160
14152
11972
9260
8928
10056
12736
7244
8596
18104
7164
10348
5028
9880
17336
7680
8408
10140
14560
6888
17312
6024
4144
8532
6164
8044
8268
9020
7432
7516
8060
9116
9136
13020
8368
14936
8284
10420
7668
13056
13960
12976
12516
8532
14652
16696
9048
17620
10600
9940
13820
8112
7972
16588
9788
15352
6496
9036
3716
5460
6204
8756
12816
3888
9468
8888
3816
11788
15440
10168
5744
8584
16880
9508
8844
7364
7360
6268
12204
8856
6724
14864
10576
6712
12364
16544
4140
15776
8960
14148
21744
5508
13896
16648
8928
9400
13784
13816
8600
9008
11456
16712
9268
8260
8832
9904
8596
9732
8308
8348
16488
8600
7472
15508
8492
9936
17016
8908
13216
4992
16988
9092
5204
8804
13292
7780
3368
5712
14872
14244
7648
12952
10740
4056
8504
8512
16020
5432
8772
9628
12088
12656
15580
16212
3592
15228
6196
8264
9000
9808
7256
7792
7668
14704
10636
5500
3932
8760
6352
10968
4668
5472
3772
4836
7576
9348
13888
8412
8312
6636
4420
8256
22380
15144
7836
13220
5772
17388
5912
7428
7740
3292
7604
9892
9016
8788
9496
6748
4068
7644
5856
9220
14804
11488
5720
12100
16568
9012
13208
14524
8752
8368
7208
4304
14840
14820
4116
14436
4036
8584
9592
8688
7588
6932
4492
15512
5376
5216
7912
8364
15936
7064
9960
4268
8900
8224
5612
3060
8300
6456
26704
9264
8444
8904
9268
13224
5444
14816
17048
7336
22028
5708
10356
9080
9692
8796
11464
12964
8940
4488
11640
8364
6412
9708
2520
12736
11368
15968
11984
9296
7800
19952
6380
3476
8528
17812
15480
5680
8808
11024
16248
7328
11592
7512
8260
3480
8188
5788
18236
6556
11984
8120
7624
7424
12424
18492
13896
6468
13204
5728
9244
9820
8968
10104
7800
18100
13180
14476
4804
3476
9088
16080
8552
9512
12508
8036
14744
14272
8908
7360
9520
8772
11424
8476
9784
8080
14324
16100
14016
8900
7048
9096
9512
8164
4148
25436
3652
8824
5112
8932
13536
4212
14784
9096
18076
13916
9788
5400
9068
7540
14728
9620
