0.1
0.7
2.9
4.3
9
12.6
16
21.6
27.4
29.8
36.1
37
40.6
40.2
43.5
44.6
47.5
50.4
49
52.6
52.5
55.8
56.4
55
54.7
58.5
60.6
65
63.3
63.2
64.3
67.9
66.7
68.5
65.1
71.4
68.7
69.9
74.5
72.6
70.7
73.4
74.2
72.3
74.3
72.1
75.6
73.8
73.3
73.6
73
77.1
74.2
77.7
76
77.4
78.1
77.2
75.9
77.2
78.2
77.6
79.7
80.5
77.6
79.4
78.7
81.3
79.4
78.6
80.4
81.1
82.7
80.3
79.9
80.9
80.5
83.3
80.6
80.4
82.2
81.1
80.9
81.3
84.1
83.6
82.5
83
81.7
83.2
82
83.7
83.9
83
82
83.7
83.1
85.4
83.3
83.3
83.1
85.6
81.2
83.4
82.9
84.1
84.4
83.6
86.7
86
83.4
84.6
83.6
84.8
84
85.3
83.6
85.1
85.8
84.8
84
84.5
85
86.8
85.8
86.2
85.3
85.4
85.8
84.7
85.3
84.7
