3042
3509
3818
4534
4518
5234
5164
5965
6288
6640
6469
6882
7261
7384
8001
8036
8036
8918
9077
8709
9047
9674
9626
8430
9373
9264
9644
9105
9694
9724
10606
10680
9610
10124
10185
10597
10320
11771
10700
11517
11210
11504
11676
11279
11354
11377
11316
11876
11814
11744
11504
11200
11561
11629
12235
12821
12229
12881
13080
12623
11894
13191
13815
12355
12985
12141
13021
12467
14186
14009
12665
13283
12675
13326
12252
13618
13365
13981
13459
13742
13212
14052
14154
13479
14285
13465
13150
14396
14618
14991
14384
15199
14550
14687
14775
14927
14951
13917
15821
15025
16210
15426
15007
14867
14952
16223
15147
15289
15479
16300
15981
14680
15531
15180
15176
16797
15796
15215
16379
16630
15907
17288
16001
16588
17938
18127
16894
15818
16727
16855
16535
16849
16553
18368
18746
17872
16501
16927
19210
16125
17184
18216
17319
17219
19059
19105
18089
17827
17948
16943
18509
18393
18383
18564
16999
19070
17997
20060
18289
18001
18024
18641
17950
18950
18229
20565
20425
19207
18649
18650
18667
21609
21317
18163
19614
19307
18977
18059
20972
20742
18497
18680
19493
19396
19226
19322
18935
20637
19172
20111
19600
20177
21398
20272
20185
20912
21327
20937
20320
19466
19336
19314
20282
21265
22450
20154
18803
23055
18974
19903
21466
20703
20759
21875
20468
21823
21165
21543
21806
20790
21942
21078
21724
21760
22354
22723
21509
21171
21516
22778
24946
23049
20320
22873
21383
23024
21713
21823
21025
21393
21487
21043
23404
20896
22138
21682
22266
22186
22033
21904
21933
23459
24508
21824
21146
21647
21145
22723
22209
20875
23460
24062
23151
22004
22634
25450
24937
23352
22753
22424
23547
24079
23794
22278
24528
23073
21585
24364
22686
22672
24230
22965
24184
22178
22197
23872
23176
22194
23696
22868
22950
23520
22045
24978
24176
23488
23369
24092
23254
23902
22974
23554
23650
24750
23337
22859
22755
23407
22536
25962
24210
24317
24718
24562
23064
22980
22809
23914
24624
24415
24679
25477
23773
22843
24557
25563
24620
26053
23565
25038
25901
25198
25098
23596
24220
24886
23897
25268
25914
23446
23800
23384
24268
25078
22311
25335
24245
25583
24015
23529
25882
24142
23994
26269
24411
24754
22719
24999
24315
24312
26446
23809
23670
25094
27137
24340
26579
26101
25126
26270
25381
25865
25496
25974
25993
25310
26272
23857
25361
24140
24073
24312
25631
25206
25393
25554
25996
27634
25759
25552
24869
24790
26449
26027
23983
26473
25414
25483
27274
26730
24798
26305
26102
24252
27184
25117
27370
26206
28539
27051
27300
27373
26319
24699
25410
27769
27841
27065
26104
27840
26706
28263
26261
26731
28133
27531
25270
29616
26842
26257
27267
28207
29124
29534
26492
27418
26648
28057
27633
26887
30671
30188
30597
27230
26742
27102
28403
30173
27403
27682
27951
27496
29153
29261
29594
28314
27889
28357
26412
28500
28156
26661
28643
30332
26122
29021
28514
27589
29564
30514
29468
29887
28903
29599
28628
29607
27884
29726
28750
29840
29718
28340
28317
27942
30223
30296
29272
29523
29785
29605
30227
29021
29155
28876
28549
26383
28888
32635
29875
30005
29322
29122
32466
30034
29414
30452
30740
27229
31310
29569
28207
29257
29371
30179
29877
30673
29430
31694
30994
27862
30897
29269
28773
30820
31334
31249
30219
29758
31914
32185
28253
30396
32395
30911
32887
33093
30055
29762
31449
31654
32502
29970
30646
29901
31623
32601
33589
30390
29347
31858
31864
29587
33248
31985
31101
30631
30157
30488
31961
30963
30104
31274
32635
31644
32345
32847
33680
32113
34626
30586
34991
32608
31602
32285
31857
32362
32626
31279
34655
30929
33966
34316
32941
34042
34095
33758
32148
32126
33202
32068
30689
32577
35139
30809
32697
34054
33673
36189
34516
33134
32364
33956
34233
31703
31773
34759
33830
33991
34304
33373
33422
36432
32480
34054
32163
33831
33233
34329
34137
33475
33180
30549
34328
34915
34345
33523
33797
32977
34778
33634
35541
31626
33579
32983
35871
33370
30489
35150
34130
35727
34507
35639
33064
32683
33924
35205
35852
34866
33786
34037
33741
34093
34293
33757
33391
36154
36079
36542
32694
33786
34426
33162
34242
32658
34641
34548
35605
33541
36148
34484
34079
32993
33911
35673
36452
31754
33610
36352
34490
35669
37414
36930
35918
36718
38422
35446
34859
35636
35557
36244
35000
36457
37384
36043
35137
36936
38861
33913
33083
34140
35109
35858
35107
36418
33786
36641
37705
36287
35887
34886
36948
38344
35584
36829
37935
38046
39911
37303
40919
36601
34738
39399
37758
37695
37173
37915
33499
34940
35895
35063
36922
34308
38399
37840
40706
34743
37626
38233
37981
34867
35300
38358
38075
39512
36383
38489
36894
40500
37057
37790
35090
36514
39365
37633
37086
38347
38522
39046
35200
35474
34980
40374
33285
40410
37466
39233
36755
35382
36622
36907
40402
36921
37849
37311
38926
36968
37825
39866
38971
40042
35254
36867
37653
40150
34635
39567
37632
43820
37150
36494
42463
34632
37008
40344
38268
35780
40942
37575
37231
39346
34170
38289
38442
36006
41315
39567
36940
42843
38725
39449
37789
39560
37820
38151
37009
39204
35710
39447
38720
41210
39639
35585
39003
37260
39908
39145
37100
43955
39186
40378
38142
40704
40044
36442
37934
40608
40991
36848
40399
37233
37173
36078
38857
38996
40040
36674
40924
38714
38019
38476
42191
39362
40576
39478
36643
43187
43583
37626
38421
39292
39826
41681
38219
38480
40838
40105
40695
37488
44962
38873
36129
42040
39912
43365
42294
38747
41782
43080
41996
40366
39490
39446
40097
42866
41942
40893
40836
40221
40370
38025
39733
39600
42880
41239
41044
42195
40107
37775
38154
43258
40202
39579
39061
37497
39865
38249
42844
44475
41362
40258
38176
42104
40734
40978
41008
43304
41036
40493
39192
38964
39444
38304
42154
44950
41355
39103
39357
41115
43491
39841
39435
39370
43561
43208
44986
44140
42144
40609
39258
41018
42557
43769
41832
38641
43394
40115
41485
43957
42119
40797
40554
39731
39475
42559
44203
40936
46304
40437
42100
40954
42203
42112
43109
42139
42588
40602
43600
47418
43433
40405
41875
41161
39099
44641
41218
43149
43233
41858
41556
46032
46543
48011
41638
44306
40687
41785
40043
44076
41768
40360
40226
41187
44345
44643
45356
41903
42860
42725
41561
42865
43636
41509
43282
43157
43149
44002
41630
37920
40372
42849
43634
47077
42098
39126
39470
43884
43926
44637
42474
38656
47338
40938
37595
43475
43059
42719
41818
47787
44036
43010
45972
44847
44428
42771
40441
43247
42349
43338
43892
42136
42919
44677
44845
43601
43975
46405
42274
44197
44719
46519
44213
41348
43600
41473
44493
44985
44523
45123
42119
46067
42631
45436
46436
40656
44895
44755
41552
42637
43537
43820
42762
41722
45308
44676
41651
42902
45840
45113
42246
46626
43557
44494
44517
43411
42290
43574
44730
44425
44332
42802
43560
46434
44315
41618
45819
44934
43645
44050
44743
44881
46105
45764
44921
46453
44915
46959
46130
44320
49458
45349
43804
50179
46265
44896
44459
44245
45764
46643
47427
46120
43601
43230
47632
45852
43474
44365
46160
43108
47371
44540
43173
47107
48228
45958
48058
45798
46884
46186
45743
43731
45349
48777
42448
45276
45464
46878
43517
44236
48608
44058
49066
44684
45386
42005
45289
42646
48849
46568
44181
48397
43340
49486
44838
46840
49163
40042
42772
42701
42825
48288
47056
44914
45695
45251
45354
45863
44371
41950
52439
45225
49702
46633
45338
45587
45616
46220
46927
42111
46125
47003
44727
47553
47532
46360
46545
47293
47805
43887
49984
48164
47377
46096
47878
43227
45496
45654
46921
48686
48848
47786
44852
48894
43628
43909
45792
43761
43514
45457
44995
45990
45417
49159
45432
48742
46249
47033
46070
47104
46059
49028
46916
50988
47650
47707
49831
47010
47239
45349
47827
45397
46735
47567
47644
47715
44282
46315
49651
47365
47363
47883
45609
47381
47508
46883
51329
43846
48918
49070
48186
50306
50987
49379
47695
48444
47940
45950
43179
45701
49333
47055
48500
44534
45199
50126
49507
48438
45859
46125
46993
46398
48917
47528
47834
49200
48436
50287
47273
48591
45187
45923
48578
50155
46925
47387
49923
44276
47385
45659
50732
50798
46087
45564
49871
48797
45827
46718
53002
44630
49268
45719
46917
47292
46646
45709
50019
49328
46779
50111
46961
50760
51384
48710
49183
50270
50790
48392
48496
49121
51722
44556
52056
46542
51847
48932
46618
45370
45983
49005
49820
51682
50101
49318
47783
48608
46061
52528
48626
46838
49171
49083
48483
48802
50288
49054
47842
50058
49663
51569
47390
52461
49361
47955
49422
49500
47370
49867
51335
48180
51879
43192
50131
47671
50500
46102
45286
55077
52063
49902
48796
45359
51060
46881
50010
52814
50108
47880
52360
48952
50379
50687
49922
45473
49063
47201
49623
47696
46905
51550
49192
51706
48953
47819
51810
45557
47529
50013
49929
50505
49843
50062
46655
51591
46434
56790
48418
51987
48565
50505
53934
48937
50009
48292
46626
46858
51484
47278
48106
47759
48729
49863
51019
52073
51168
53597
51926
49157
50443
49835
50136
51673
48913
51950
48035
50635
47271
49240
47993
49723
46312
49452
50846
53844
51620
52007
52553
50631
48688
47322
50508
47639
55731
55379
48074
51283
45453
53256
46234
51952
48317
46999
53851
52563
50226
47508
45979
49713
52846
48920
53906
50907
51367
50708
41218
50057
53044
49697
50077
49867
51408
50000
48550
49935
51605
47511
53645
52845
54009
49826
48998
50821
51937
51540
50558
49814
50289
46336
50286
49347
47509
45303
47639
50629
51623
45864
49931
50240
51699
51533
46405
46906
51286
52106
52917
51176
54930
50816
51388
50984
50421
53751
49928
51680
48657
51357
54869
52157
49256
52496
45317
57115
50382
48144
52662
52332
52596
46680
50746
48453
50665
54591
51198
52278
52197
48726
46473
51331
54593
49193
48226
50555
51686
49239
57388
50912
50232
51866
48111
50207
50538
49620
49830
56155
49358
45964
55606
51605
48425
52557
47240
49791
49355
53677
49397
49266
51973
54486
50902
52056
51546
52159
52929
48548
48451
54525
49644
48779
52504
51004
47810
50181
49320
49294
53220
49829
51499
49872
50047
51390
55080
51895
48906
47641
54467
53342
48794
49916
51238
52664
51961
53433
50669
52388
51009
46359
52706
52321
51583
47290
51039
53853
53722
49283
52665
55131
51391
53907
50227
52313
54305
51296
53161
49934
55892
54850
52069
51227
48738
54784
50963
49891
53607
50961
49461
52991
48707
57476
49365
51221
51846
59202
54934
52983
50058
51987
52452
56046
51664
48614
52532
52204
53766
53197
51679
52314
48702
53524
53784
49327
47396
54238
47914
51325
53059
48351
53036
52811
49363
47681
54324
51518
50880
51452
50989
49809
49451
51159
48327
49806
51910
50694
53962
49877
56993
49729
50212
50324
48670
53047
51104
47589
54339
53544
47213
51054
54255
55839
51241
50423
51539
53122
54809
49731
50993
52268
51488
49985
54354
48848
50017
54213
50968
46462
51627
52661
53320
54772
50957
49387
52939
53397
52231
54934
52829
56653
52742
49487
53681
53410
53594
52260
52199
53072
53964
52907
51923
54525
53264
51573
51954
55001
55335
51997
55065
49974
57060
51586
52999
54609
56909
52068
51478
46269
53597
48783
54466
49463
54657
55507
53501
52655
51953
51742
49712
50326
51021
54146
51507
50825
53613
51071
49859
55295
50838
54459
56096
48818
52540
52878
55805
50398
51927
47929
51708
55865
51403
54409
51051
51194
53166
56330
50956
52077
50386
53782
52338
51857
51746
53600
49790
52420
50987
55454
53155
46926
52723
54589
51791
57277
51721
49025
53543
55133
51753
51268
52636
51772
50004
50313
53455
49899
53453
49750
52999
52010
50203
55109
53961
55084
52296
52108
55532
53795
53748
51400
49612
51251
57403
56446
57146
52474
56314
59111
52593
59956
49645
52748
56466
50980
52820
56310
58501
55690
52760
54996
56328
52440
47328
49821
53725
56134
57030
54963
54129
49287
53907
52053
48529
56054
54349
57008
51759
51418
50891
56543
51446
59609
54424
57279
53678
53465
50182
52543
51388
54671
54016
51935
52192
51831
56512
52283
51990
51339
50844
54866
53894
53438
51766
53744
52204
50977
52149
52707
58248
53453
54796
54385
54777
54808
53327
49731
55045
58454
51702
54268
53799
51790
53579
48392
53787
56656
53731
56555
50732
56496
55400
54963
56400
57251
51438
54433
51064
51212
56851
54607
51471
52321
54858
48529
51342
56177
47266
56818
53105
59478
52900
55014
53406
55693
53627
50523
53580
52976
57112
54177
52632
52283
52171
55314
51093
50426
56011
56383
54087
54457
52244
53913
49717
53538
54260
53067
56095
54642
56957
55078
50958
59151
52141
56515
53827
57011
